1.000000000 0.000000000 0.000000000 0.000000000 0.000000000 1.000000000 0.000000000 0.000000000 0.000000000 0.000000000 1.000000000 0.000000000
0.999999940 -0.000290060 -0.000117654 0.000087001 0.000290070 0.999999940 0.000090545 -0.000095830 0.000117628 -0.000090579 1.000000000 0.000003184
1.000000119 -0.000221048 -0.000050121 0.000069359 0.000221053 1.000000000 0.000089207 -0.000074973 0.000050101 -0.000089218 1.000000000 -0.000025896
1.000000000 -0.000351722 -0.000149694 0.000062196 0.000351737 1.000000000 0.000102281 -0.000096188 0.000149658 -0.000102333 1.000000000 -0.000039483
1.000000000 -0.000299664 -0.000029763 0.000058277 0.000299666 1.000000000 0.000070362 -0.000070678 0.000029742 -0.000070370 1.000000000 -0.000021275
1.000000000 -0.000296834 -0.000045341 0.000047381 0.000296839 1.000000000 0.000116801 -0.000096194 0.000045307 -0.000116815 1.000000000 -0.000033947
1.000000000 -0.000327637 -0.000090773 0.000053812 0.000327650 1.000000000 0.000149862 -0.000114740 0.000090724 -0.000149892 1.000000000 -0.000051609
0.999999940 -0.000327923 -0.000148086 0.000082231 0.000327955 1.000000000 0.000213118 -0.000129924 0.000148016 -0.000213167 1.000000000 -0.000057930
1.000000000 -0.000213026 -0.000027406 0.000068435 0.000213028 1.000000000 0.000077096 -0.000052902 0.000027390 -0.000077102 1.000000000 -0.000014267
1.000000000 -0.000170108 -0.000025483 0.000061413 0.000170110 1.000000000 0.000063359 -0.000049911 0.000025473 -0.000063364 1.000000000 -0.000005656
1.000000000 -0.000175790 -0.000099204 0.000082621 0.000175799 1.000000000 0.000088091 -0.000054398 0.000099188 -0.000088108 1.000000000 -0.000022442
1.000000000 -0.000227830 -0.000019368 0.000048585 0.000227832 1.000000000 0.000127602 -0.000086063 0.000019339 -0.000127606 1.000000000 -0.000028491
1.000000000 -0.000284152 -0.000041822 0.000057429 0.000284157 1.000000000 0.000128513 -0.000109009 0.000041785 -0.000128525 1.000000000 -0.000017865
1.000000000 -0.000145336 -0.000030741 0.000075583 0.000145338 1.000000000 0.000057437 -0.000045445 0.000030732 -0.000057442 1.000000000 0.000000026
1.000000000 -0.000056758 -0.000049525 0.000067326 0.000056762 1.000000000 0.000082630 -0.000041521 0.000049521 -0.000082633 1.000000000 -0.000014246
1.000000000 -0.000249587 0.000061994 -0.000004967 0.000249582 1.000000000 0.000089031 -0.000068346 -0.000062016 -0.000089015 1.000000000 -0.000041646
1.000000000 -0.000203062 0.000057010 0.000018068 0.000203055 1.000000000 0.000111371 -0.000074517 -0.000057033 -0.000111360 1.000000000 -0.000030858
1.000000000 -0.000130205 -0.000042300 0.000067537 0.000130210 1.000000000 0.000122151 -0.000070042 0.000042285 -0.000122157 1.000000000 -0.000004583
1.000000000 -0.000010702 -0.000017464 0.000060458 0.000010704 1.000000000 0.000116357 -0.000030297 0.000017463 -0.000116358 1.000000000 0.000032551
1.000000000 -0.000069038 -0.000119593 0.000082725 0.000069045 1.000000000 0.000066094 -0.000029340 0.000119588 -0.000066102 1.000000000 -0.000000237
1.000000119 0.000049083 -0.000039488 0.000080480 -0.000049076 1.000000119 0.000165740 -0.000038772 0.000039496 -0.000165738 1.000000000 0.000019671
1.000000000 -0.000022014 -0.000007349 0.000064319 0.000022015 1.000000000 0.000192194 -0.000052216 0.000007345 -0.000192195 1.000000000 0.000022631
1.000000000 -0.000068344 0.000051392 0.000016107 0.000068334 1.000000000 0.000196272 -0.000059134 -0.000051405 -0.000196268 1.000000000 0.000004742
1.000000000 -0.000025887 -0.000022323 0.000086229 0.000025890 1.000000000 0.000151158 -0.000057045 0.000022319 -0.000151158 1.000000000 0.000045141
1.000000000 0.000019367 -0.000107529 0.000098702 -0.000019345 1.000000000 0.000202764 -0.000050571 0.000107533 -0.000202762 1.000000000 0.000017577
1.000000000 -0.000045769 -0.000007484 0.000069974 0.000045770 1.000000000 0.000189488 -0.000053575 0.000007476 -0.000189488 1.000000000 0.000037377
1.000000000 -0.000123200 -0.000086140 0.000078526 0.000123225 1.000000000 0.000286548 -0.000105609 0.000086105 -0.000286559 0.999999940 -0.000025766
1.000000000 -0.000026256 0.000010979 0.000053055 0.000026254 1.000000000 0.000248022 -0.000059898 -0.000010986 -0.000248022 1.000000000 0.000014125
1.000000000 -0.000009761 -0.000068796 0.000081154 0.000009775 1.000000000 0.000201311 -0.000062114 0.000068794 -0.000201312 1.000000000 0.000005266
1.000000000 -0.000169412 -0.000008421 0.000069332 0.000169414 1.000000000 0.000170314 -0.000083632 0.000008392 -0.000170316 1.000000000 0.000023463
1.000000000 -0.000253251 -0.000039052 0.000053428 0.000253256 1.000000000 0.000142321 -0.000085630 0.000039016 -0.000142331 1.000000000 -0.000049801
1.000000000 -0.000221079 -0.000027083 0.000057305 0.000221082 1.000000000 0.000097745 -0.000063972 0.000027061 -0.000097751 1.000000000 -0.000032149
1.000000000 -0.000163591 -0.000034184 0.000027873 0.000163597 1.000000000 0.000181741 -0.000071459 0.000034155 -0.000181747 1.000000000 -0.000050345
1.000000000 -0.000118423 -0.000061311 0.000066595 0.000118434 1.000000000 0.000190939 -0.000076431 0.000061289 -0.000190946 1.000000000 -0.000007917
1.000000000 -0.000150251 -0.000058724 0.000049407 0.000150258 1.000000000 0.000113122 -0.000061253 0.000058707 -0.000113131 1.000000000 -0.000017323
1.000000000 -0.000115484 -0.000046995 0.000055753 0.000115493 1.000000000 0.000192199 -0.000071875 0.000046973 -0.000192205 1.000000000 -0.000017944
1.000000000 -0.000026437 -0.000049992 0.000073155 0.000026445 1.000000000 0.000154897 -0.000053939 0.000049988 -0.000154898 1.000000000 0.000003165
1.000000000 -0.000141533 -0.000125285 0.000100104 0.000141558 1.000000000 0.000200955 -0.000096405 0.000125257 -0.000200973 1.000000000 -0.000001041
1.000000000 -0.000145191 -0.000077128 0.000064252 0.000145211 1.000000000 0.000253694 -0.000088147 0.000077091 -0.000253705 1.000000000 -0.000035243
1.000000000 -0.000144451 -0.000084419 0.000078232 0.000144473 1.000000000 0.000259748 -0.000104097 0.000084382 -0.000259760 1.000000000 -0.000031522
1.000000000 -0.000164811 -0.000096901 0.000077705 0.000164828 1.000000000 0.000173307 -0.000071256 0.000096872 -0.000173323 1.000000000 -0.000021303
1.000000000 -0.000141315 -0.000076776 0.000060992 0.000141329 1.000000000 0.000184265 -0.000089289 0.000076750 -0.000184276 1.000000000 -0.000013432
1.000000000 -0.000114427 -0.000018301 0.000028146 0.000114431 1.000000000 0.000197336 -0.000067723 0.000018278 -0.000197338 1.000000000 -0.000025620
1.000000000 -0.000076900 -0.000071260 0.000086586 0.000076915 1.000000000 0.000214197 -0.000088735 0.000071244 -0.000214202 1.000000000 0.000013368
1.000000000 -0.000119979 -0.000024132 0.000010742 0.000119985 1.000000000 0.000256571 -0.000094926 0.000024102 -0.000256574 1.000000000 -0.000053790
1.000000000 -0.000285109 -0.000014189 0.000013167 0.000285113 0.999999940 0.000325484 -0.000144935 0.000014096 -0.000325488 0.999999940 -0.000039714
1.000000000 -0.000123153 -0.000126667 0.000072503 0.000123180 1.000000000 0.000206506 -0.000068584 0.000126642 -0.000206522 1.000000000 -0.000030413
1.000000000 -0.000158074 -0.000155370 0.000111982 0.000158125 0.999999940 0.000329818 -0.000132652 0.000155318 -0.000329843 0.999999940 -0.000011009
1.000000000 -0.000214067 -0.000085625 0.000079486 0.000214091 1.000000000 0.000285053 -0.000138880 0.000085564 -0.000285072 0.999999940 0.000014961
1.000000000 -0.000182715 -0.000033947 0.000020528 0.000182723 1.000000000 0.000253993 -0.000114646 0.000033900 -0.000253999 1.000000000 -0.000024522
1.000000000 -0.000143263 0.000013189 0.000021715 0.000143260 1.000000000 0.000269431 -0.000101270 -0.000013228 -0.000269429 1.000000000 -0.000019417
1.000000000 0.000017289 -0.000039830 0.000080365 -0.000017281 1.000000000 0.000199973 -0.000060926 0.000039833 -0.000199972 1.000000000 0.000021965
1.000000000 -0.000205445 -0.000002443 0.000037391 0.000205446 1.000000000 0.000272154 -0.000123782 0.000002388 -0.000272154 1.000000000 0.000002853
1.000000000 -0.000095919 -0.000060425 0.000067840 0.000095933 1.000000000 0.000229058 -0.000087846 0.000060403 -0.000229064 1.000000000 0.000003515
1.000000000 -0.000063114 -0.000120066 0.000092109 0.000063138 1.000000000 0.000200052 -0.000074670 0.000120053 -0.000200059 1.000000000 0.000006829
1.000000000 -0.000146098 -0.000069782 0.000077286 0.000146116 1.000000000 0.000264817 -0.000124357 0.000069743 -0.000264827 1.000000000 -0.000005110
1.000000000 -0.000147984 -0.000086810 0.000069068 0.000148009 1.000000000 0.000289725 -0.000121409 0.000086767 -0.000289738 0.999999940 -0.000002241
1.000000000 -0.000206941 -0.000071993 0.000057947 0.000206965 0.999999940 0.000340759 -0.000150549 0.000071922 -0.000340774 0.999999940 -0.000027770
1.000000000 -0.000092272 -0.000087174 0.000070714 0.000092296 1.000000000 0.000274785 -0.000087629 0.000087149 -0.000274793 1.000000000 -0.000022790
1.000000000 -0.000170308 -0.000090257 0.000063714 0.000170331 1.000000000 0.000255200 -0.000110541 0.000090214 -0.000255216 1.000000000 -0.000001459
1.000000000 -0.000172697 -0.000133250 0.000101233 0.000172725 1.000000000 0.000210231 -0.000091429 0.000133213 -0.000210254 1.000000000 0.000005076
1.000000000 -0.000091619 -0.000098553 0.000111399 0.000091641 1.000000000 0.000221277 -0.000092937 0.000098533 -0.000221286 1.000000000 0.000041507
1.000000000 -0.000227495 -0.000052471 0.000034360 0.000227509 1.000000000 0.000269257 -0.000122769 0.000052410 -0.000269268 1.000000000 -0.000002112
1.000000000 -0.000043540 -0.000077813 0.000086559 0.000043556 1.000000000 0.000213268 -0.000065614 0.000077804 -0.000213271 1.000000000 0.000027185
1.000000000 -0.000186725 -0.000012062 0.000067202 0.000186728 1.000000000 0.000283158 -0.000129024 0.000012010 -0.000283160 1.000000000 0.000041314
1.000000000 -0.000205742 -0.000075608 0.000083305 0.000205763 1.000000000 0.000281339 -0.000121730 0.000075550 -0.000281355 1.000000000 0.000026742
1.000000000 -0.000148427 -0.000087407 0.000109472 0.000148444 1.000000000 0.000187333 -0.000089620 0.000087380 -0.000187346 1.000000000 0.000041338
1.000000000 -0.000125969 -0.000047842 0.000074848 0.000125980 1.000000000 0.000241095 -0.000110130 0.000047812 -0.000241101 1.000000000 0.000030511
1.000000000 -0.000275487 -0.000075120 0.000070132 0.000275509 0.999999940 0.000295351 -0.000141895 0.000075039 -0.000295372 0.999999940 0.000003522
1.000000000 -0.000136553 -0.000013684 0.000053487 0.000136557 1.000000000 0.000265686 -0.000116117 0.000013648 -0.000265688 1.000000000 0.000011289
1.000000000 -0.000206443 -0.000104431 0.000108854 0.000206472 1.000000000 0.000281750 -0.000116096 0.000104373 -0.000281772 0.999999940 0.000022753
1.000000000 -0.000298927 -0.000032710 0.000052556 0.000298935 0.999999940 0.000259756 -0.000136190 0.000032633 -0.000259766 1.000000000 0.000029560
1.000000000 -0.000228758 -0.000055639 0.000091489 0.000228778 0.999999940 0.000356326 -0.000153619 0.000055557 -0.000356339 0.999999940 0.000045941
1.000000000 -0.000125852 -0.000100337 0.000070408 0.000125884 0.999999940 0.000323665 -0.000109545 0.000100296 -0.000323678 0.999999940 -0.000035841
1.000000000 -0.000121679 -0.000022701 0.000051803 0.000121684 1.000000000 0.000227240 -0.000091022 0.000022674 -0.000227243 1.000000000 -0.000002957
1.000000000 -0.000254512 -0.000080185 0.000074210 0.000254536 0.999999940 0.000298842 -0.000129384 0.000080109 -0.000298863 0.999999940 0.000016023
1.000000000 -0.000183235 -0.000104624 0.000098204 0.000183264 1.000000000 0.000282101 -0.000122066 0.000104572 -0.000282120 0.999999940 0.000022240
1.000000000 -0.000155359 -0.000080200 0.000077583 0.000155383 1.000000000 0.000299157 -0.000122927 0.000080154 -0.000299169 0.999999940 -0.000005232
1.000000000 -0.000227352 -0.000062689 0.000067074 0.000227366 1.000000000 0.000230715 -0.000108842 0.000062637 -0.000230729 1.000000000 -0.000002935
1.000000000 -0.000101913 -0.000058884 0.000077371 0.000101929 1.000000000 0.000261705 -0.000100690 0.000058857 -0.000261711 1.000000000 0.000022843
1.000000000 -0.000150205 -0.000106705 0.000086906 0.000150232 1.000000000 0.000261017 -0.000116194 0.000106666 -0.000261033 1.000000000 0.000030793
1.000000000 -0.000185053 -0.000045262 0.000060196 0.000185064 1.000000000 0.000248240 -0.000108831 0.000045216 -0.000248249 1.000000000 0.000023194
1.000000000 -0.000177010 -0.000033628 0.000057077 0.000177021 0.999999940 0.000320745 -0.000138278 0.000033571 -0.000320751 0.999999940 0.000003647
1.000000000 -0.000091537 -0.000074662 0.000073489 0.000091559 1.000000000 0.000300638 -0.000103284 0.000074634 -0.000300645 0.999999940 -0.000001619
1.000000000 -0.000128925 -0.000009131 0.000057188 0.000128927 1.000000000 0.000284524 -0.000110345 0.000009094 -0.000284525 1.000000000 0.000006427
1.000000000 -0.000009078 -0.000096861 0.000091328 0.000009101 1.000000000 0.000234965 -0.000066044 0.000096859 -0.000234966 1.000000000 0.000011318
1.000000000 -0.000184578 -0.000033556 0.000062042 0.000184587 1.000000000 0.000278950 -0.000121625 0.000033505 -0.000278956 1.000000000 0.000032306
1.000000000 -0.000146220 -0.000090934 0.000093716 0.000146243 1.000000000 0.000256792 -0.000100587 0.000090897 -0.000256805 1.000000000 0.000027381
1.000000000 -0.000185326 -0.000141996 0.000095676 0.000185366 1.000000000 0.000282833 -0.000120609 0.000141943 -0.000282860 0.999999940 -0.000001876
1.000000000 -0.000200938 -0.000093616 0.000087924 0.000200974 0.999999940 0.000389463 -0.000162303 0.000093537 -0.000389482 0.999999940 0.000016887
1.000000000 -0.000244442 -0.000062422 0.000067348 0.000244463 0.999999940 0.000331393 -0.000147219 0.000062341 -0.000331408 0.999999940 0.000023702
1.000000000 -0.000206001 -0.000006767 0.000024069 0.000206003 1.000000000 0.000271514 -0.000115079 0.000006712 -0.000271515 1.000000000 0.000004190
1.000000119 0.000076373 -0.000081249 0.000080559 -0.000076355 1.000000000 0.000215756 -0.000058167 0.000081266 -0.000215750 1.000000000 0.000019381
1.000000000 -0.000099926 -0.000120514 0.000087892 0.000099959 1.000000000 0.000275763 -0.000097908 0.000120486 -0.000275775 0.999999940 -0.000001197
1.000000000 -0.000089575 -0.000075813 0.000080732 0.000089594 1.000000000 0.000247194 -0.000088841 0.000075791 -0.000247201 1.000000000 0.000007426
1.000000000 -0.000192305 -0.000114635 0.000087583 0.000192343 0.999999940 0.000335270 -0.000126523 0.000114571 -0.000335292 0.999999940 0.000002698
1.000000000 -0.000155937 -0.000171197 0.000111025 0.000155994 0.999999940 0.000328941 -0.000116733 0.000171146 -0.000328967 0.999999940 0.000009527
1.000000000 -0.000168363 -0.000193974 0.000097706 0.000168433 0.999999940 0.000358991 -0.000150417 0.000193914 -0.000359023 0.999999881 -0.000014056
1.000000000 -0.000173379 -0.000135745 0.000083960 0.000173415 1.000000000 0.000272331 -0.000111559 0.000135698 -0.000272354 0.999999940 -0.000005873
1.000000000 -0.000285358 -0.000083030 0.000040922 0.000285390 0.999999940 0.000382288 -0.000171365 0.000082921 -0.000382312 0.999999940 -0.000001747
1.000000000 -0.000159316 -0.000067465 0.000066311 0.000159336 1.000000000 0.000299700 -0.000119524 0.000067417 -0.000299711 0.999999940 0.000020429
1.000000000 -0.000186055 -0.000092863 0.000070531 0.000186082 1.000000000 0.000287226 -0.000111536 0.000092810 -0.000287243 0.999999940 0.000005850
1.000000000 -0.000069702 -0.000119811 0.000101247 0.000069733 1.000000000 0.000256685 -0.000100369 0.000119793 -0.000256693 0.999999940 0.000021686
1.000000000 -0.000239532 -0.000118392 0.000085464 0.000239568 0.999999940 0.000297296 -0.000127187 0.000118321 -0.000297324 0.999999940 0.000004639
1.000000000 -0.000225681 -0.000117115 0.000086477 0.000225712 1.000000000 0.000267691 -0.000125532 0.000117054 -0.000267717 0.999999940 0.000017180
1.000000000 -0.000088266 -0.000150516 0.000105007 0.000088298 1.000000000 0.000215934 -0.000084258 0.000150497 -0.000215948 1.000000000 0.000017526
1.000000000 -0.000143723 -0.000122233 0.000099024 0.000143757 1.000000000 0.000276410 -0.000107167 0.000122193 -0.000276427 0.999999940 0.000023156
1.000000000 -0.000193166 -0.000096571 0.000071275 0.000193192 1.000000000 0.000271660 -0.000097800 0.000096518 -0.000271679 1.000000000 0.000001538
1.000000000 -0.000227213 -0.000138383 0.000113467 0.000227252 1.000000000 0.000288716 -0.000118592 0.000138317 -0.000288747 0.999999940 0.000052312
1.000000000 -0.000017366 -0.000114385 0.000100393 0.000017393 1.000000000 0.000234393 -0.000070409 0.000114381 -0.000234395 1.000000000 0.000025678
1.000000000 -0.000165839 -0.000067603 0.000092408 0.000165859 1.000000000 0.000302202 -0.000114759 0.000067552 -0.000302213 0.999999940 0.000039606
1.000000000 -0.000205055 -0.000139330 0.000090228 0.000205087 1.000000000 0.000234510 -0.000109001 0.000139282 -0.000234538 1.000000000 0.000028062
1.000000000 -0.000205003 -0.000104626 0.000088973 0.000205035 1.000000000 0.000302888 -0.000143069 0.000104564 -0.000302909 0.999999940 0.000030515
1.000000000 -0.000169089 -0.000155284 0.000087786 0.000169133 1.000000000 0.000285822 -0.000125649 0.000155235 -0.000285849 0.999999940 0.000008448
1.000000000 -0.000207146 -0.000123280 0.000099852 0.000207185 0.999999940 0.000321639 -0.000150220 0.000123214 -0.000321664 0.999999940 0.000037390
1.000000000 -0.000127720 -0.000148488 0.000107584 0.000127755 1.000000000 0.000236011 -0.000104932 0.000148458 -0.000236030 0.999999940 0.000012685
1.000000000 -0.000101928 -0.000138073 0.000121204 0.000101962 1.000000000 0.000240847 -0.000104495 0.000138049 -0.000240861 0.999999940 0.000030919
1.000000000 -0.000203130 -0.000157868 0.000117751 0.000203178 1.000000000 0.000304801 -0.000150038 0.000157806 -0.000304833 0.999999940 0.000018816
1.000000000 -0.000293649 -0.000085006 0.000110821 0.000293676 0.999999940 0.000323429 -0.000172874 0.000084911 -0.000323453 0.999999940 0.000076051
1.000000000 -0.000079433 -0.000146879 0.000134385 0.000079473 1.000000000 0.000275010 -0.000096666 0.000146857 -0.000275022 0.999999940 0.000051126
1.000000000 -0.000197903 -0.000107054 0.000077986 0.000197933 1.000000000 0.000283072 -0.000117458 0.000106998 -0.000283093 0.999999940 0.000023116
1.000000000 -0.000005796 -0.000197225 0.000146064 0.000005838 1.000000000 0.000214351 -0.000065280 0.000197224 -0.000214352 0.999999940 0.000029281
1.000000000 -0.000105159 -0.000100164 0.000105758 0.000105183 1.000000000 0.000246149 -0.000097724 0.000100138 -0.000246159 1.000000000 0.000056068
1.000000000 -0.000142832 -0.000129910 0.000101882 0.000142871 1.000000000 0.000301285 -0.000116490 0.000129867 -0.000301304 0.999999940 0.000043493
1.000000000 -0.000100738 -0.000059124 0.000083896 0.000100754 1.000000000 0.000261919 -0.000089849 0.000059097 -0.000261925 1.000000000 0.000028452
1.000000000 -0.000208540 -0.000055036 0.000080627 0.000208557 0.999999940 0.000319779 -0.000143866 0.000054969 -0.000319791 0.999999940 0.000036822
1.000000000 -0.000177115 -0.000086540 0.000086305 0.000177137 1.000000000 0.000248464 -0.000110862 0.000086496 -0.000248479 1.000000000 0.000025767
1.000000000 -0.000100443 -0.000188760 0.000128085 0.000100491 1.000000000 0.000250090 -0.000095331 0.000188735 -0.000250109 0.999999940 0.000030368
1.000000000 -0.000036897 -0.000116430 0.000116939 0.000036925 1.000000000 0.000236217 -0.000087350 0.000116421 -0.000236221 1.000000000 0.000061591
1.000000000 -0.000167395 -0.000142915 0.000125551 0.000167444 0.999999940 0.000340094 -0.000130255 0.000142858 -0.000340118 0.999999940 0.000062529
1.000000000 -0.000043314 -0.000109797 0.000114051 0.000043341 1.000000000 0.000238370 -0.000091602 0.000109787 -0.000238375 1.000000000 0.000070581
1.000000000 -0.000175659 -0.000119864 0.000120450 0.000175698 0.999999940 0.000328966 -0.000147956 0.000119806 -0.000328987 0.999999940 0.000062004
1.000000000 0.000106782 -0.000132667 0.000114251 -0.000106754 1.000000000 0.000208501 -0.000037649 0.000132690 -0.000208486 1.000000000 0.000046856
1.000000000 -0.000130847 -0.000142251 0.000099445 0.000130891 1.000000000 0.000309286 -0.000126203 0.000142210 -0.000309304 0.999999940 0.000031607
1.000000000 -0.000135611 -0.000130317 0.000088190 0.000135650 1.000000000 0.000300444 -0.000114356 0.000130277 -0.000300462 0.999999940 0.000022722
1.000000000 -0.000059625 -0.000161830 0.000111987 0.000059660 1.000000000 0.000218235 -0.000078300 0.000161817 -0.000218244 0.999999940 0.000034963
1.000000000 -0.000049934 -0.000092424 0.000100664 0.000049964 1.000000000 0.000324150 -0.000115635 0.000092408 -0.000324155 0.999999940 0.000056315
1.000000000 -0.000171623 -0.000080819 0.000089084 0.000171645 1.000000000 0.000269311 -0.000118292 0.000080772 -0.000269325 1.000000000 0.000049988
1.000000000 -0.000024539 -0.000085834 0.000092061 0.000024568 1.000000000 0.000340354 -0.000120256 0.000085826 -0.000340356 0.999999940 0.000046522
1.000000000 -0.000148877 -0.000097004 0.000101992 0.000148908 0.999999940 0.000325350 -0.000138642 0.000096956 -0.000325365 0.999999940 0.000048864
1.000000000 -0.000110673 -0.000032227 0.000055089 0.000110685 0.999999940 0.000363692 -0.000138941 0.000032186 -0.000363696 0.999999940 0.000059021
1.000000000 -0.000176090 -0.000066701 0.000075619 0.000176109 1.000000000 0.000293056 -0.000120665 0.000066649 -0.000293068 0.999999940 0.000030773
1.000000000 -0.000088863 -0.000043577 0.000073316 0.000088878 0.999999940 0.000340977 -0.000113801 0.000043547 -0.000340981 0.999999940 0.000050328
1.000000000 -0.000040400 -0.000096641 0.000104763 0.000040431 1.000000000 0.000323084 -0.000105598 0.000096627 -0.000323088 0.999999940 0.000046781
1.000000000 -0.000042712 -0.000113983 0.000088778 0.000042747 1.000000000 0.000301713 -0.000091924 0.000113970 -0.000301718 0.999999940 0.000021782
1.000000000 -0.000046963 -0.000040521 0.000058099 0.000046976 1.000000000 0.000309239 -0.000108006 0.000040507 -0.000309241 0.999999940 0.000039257
1.000000000 -0.000146405 -0.000105097 0.000108508 0.000146434 1.000000000 0.000274036 -0.000106366 0.000105056 -0.000274052 0.999999940 0.000046900
1.000000000 -0.000165723 -0.000049056 0.000056377 0.000165740 0.999999940 0.000342087 -0.000139199 0.000049000 -0.000342095 0.999999940 0.000050373
1.000000000 -0.000081483 -0.000048079 0.000089141 0.000081497 1.000000000 0.000290960 -0.000107059 0.000048056 -0.000290964 1.000000000 0.000083586
1.000000000 -0.000134463 -0.000091413 0.000093649 0.000134492 0.999999940 0.000318708 -0.000144286 0.000091370 -0.000318720 0.999999940 0.000061530
1.000000000 -0.000002563 -0.000065749 0.000087896 0.000002581 1.000000000 0.000267662 -0.000083680 0.000065748 -0.000267662 1.000000000 0.000060526
1.000000000 -0.000080985 -0.000111203 0.000126069 0.000081011 1.000000000 0.000233124 -0.000093538 0.000111184 -0.000233133 1.000000000 0.000091369
1.000000000 -0.000158636 -0.000114146 0.000120583 0.000158669 1.000000000 0.000283146 -0.000128082 0.000114101 -0.000283164 0.999999940 0.000076724
1.000000000 -0.000109765 -0.000056519 0.000092250 0.000109785 0.999999940 0.000356274 -0.000137394 0.000056480 -0.000356280 0.999999940 0.000061656
1.000000000 -0.000177039 -0.000086020 0.000109992 0.000177064 1.000000000 0.000292251 -0.000137507 0.000085969 -0.000292267 0.999999940 0.000076304
1.000000000 -0.000090802 -0.000117659 0.000119217 0.000090830 1.000000000 0.000235942 -0.000098387 0.000117637 -0.000235953 1.000000000 0.000057398
1.000000000 -0.000119703 -0.000105823 0.000101171 0.000119736 1.000000000 0.000310497 -0.000125629 0.000105786 -0.000310510 0.999999940 0.000066452
1.000000000 -0.000013870 -0.000159203 0.000128850 0.000013910 1.000000000 0.000254164 -0.000086026 0.000159199 -0.000254166 0.999999940 0.000051359
1.000000000 -0.000085055 -0.000096957 0.000103080 0.000085079 1.000000000 0.000240972 -0.000078587 0.000096936 -0.000240980 1.000000000 0.000073663
1.000000000 0.000010519 -0.000088024 0.000103976 -0.000010497 1.000000000 0.000250345 -0.000065168 0.000088027 -0.000250345 1.000000000 0.000064969
1.000000000 -0.000108627 -0.000131890 0.000104876 0.000108667 1.000000000 0.000304122 -0.000117680 0.000131857 -0.000304136 0.999999940 0.000052843
1.000000000 -0.000075444 -0.000070758 0.000094160 0.000075465 1.000000000 0.000298565 -0.000111416 0.000070736 -0.000298571 0.999999940 0.000045642
1.000000000 -0.000035382 -0.000048734 0.000078267 0.000035396 1.000000000 0.000283198 -0.000080199 0.000048724 -0.000283200 1.000000000 0.000048500
1.000000000 -0.000095639 -0.000092608 0.000093895 0.000095662 1.000000000 0.000247032 -0.000096410 0.000092585 -0.000247041 1.000000000 0.000064325
1.000000000 -0.000153868 -0.000131749 0.000110890 0.000153906 1.000000000 0.000288038 -0.000126419 0.000131704 -0.000288059 0.999999940 0.000037819
1.000000000 -0.000132677 -0.000016311 0.000050985 0.000132682 1.000000000 0.000315066 -0.000127214 0.000016269 -0.000315068 0.999999940 0.000060708
1.000000000 -0.000121547 -0.000125120 0.000102608 0.000121587 1.000000000 0.000312901 -0.000123501 0.000125082 -0.000312917 0.999999940 0.000057687
1.000000000 -0.000107982 -0.000098899 0.000102947 0.000108014 0.999999940 0.000320248 -0.000121026 0.000098864 -0.000320259 0.999999940 0.000061887
1.000000000 -0.000075482 -0.000123248 0.000111440 0.000075520 1.000000000 0.000310131 -0.000108593 0.000123225 -0.000310140 0.999999940 0.000054829
1.000000000 -0.000169187 -0.000167944 0.000110563 0.000169245 0.999999940 0.000348328 -0.000151359 0.000167885 -0.000348357 0.999999940 0.000047407
1.000000000 -0.000057124 -0.000130236 0.000139726 0.000057159 1.000000000 0.000266773 -0.000110323 0.000130220 -0.000266781 0.999999940 0.000079917
1.000000000 -0.000172372 -0.000114810 0.000080436 0.000172406 1.000000000 0.000299699 -0.000132903 0.000114758 -0.000299719 0.999999940 0.000053862
1.000000000 -0.000098372 -0.000173423 0.000119133 0.000098412 1.000000000 0.000232532 -0.000079809 0.000173400 -0.000232549 0.999999940 0.000066663
1.000000000 -0.000126414 -0.000103866 0.000118511 0.000126444 1.000000000 0.000286735 -0.000108912 0.000103830 -0.000286748 0.999999940 0.000059380
1.000000000 -0.000202537 -0.000127080 0.000103395 0.000202576 1.000000000 0.000306327 -0.000146166 0.000127018 -0.000306353 0.999999940 0.000055293
1.000000000 -0.000072861 -0.000096773 0.000116280 0.000072885 1.000000000 0.000247943 -0.000097680 0.000096755 -0.000247950 1.000000000 0.000066669
1.000000000 -0.000054240 -0.000106341 0.000114551 0.000054266 1.000000000 0.000244534 -0.000092561 0.000106327 -0.000244539 1.000000000 0.000090062
0.999999940 -0.000095512 -0.000210350 0.000142940 0.000095572 1.000000000 0.000282251 -0.000101008 0.000210323 -0.000282271 0.999999940 0.000048234
1.000000000 -0.000256861 -0.000159117 0.000105731 0.000256912 0.999999940 0.000320081 -0.000157091 0.000159035 -0.000320122 0.999999940 0.000052171
1.000000000 -0.000207408 -0.000084713 0.000075146 0.000207437 0.999999940 0.000340591 -0.000134394 0.000084642 -0.000340609 0.999999940 0.000023816
1.000000000 -0.000307563 -0.000120892 0.000082882 0.000307606 0.999999940 0.000353814 -0.000151870 0.000120783 -0.000353851 0.999999940 0.000029887
1.000000000 -0.000093879 -0.000152524 0.000121014 0.000093920 1.000000000 0.000269233 -0.000107488 0.000152499 -0.000269248 0.999999940 0.000049800
1.000000000 -0.000142549 -0.000125843 0.000118228 0.000142583 1.000000000 0.000272123 -0.000106938 0.000125804 -0.000272141 0.999999940 0.000075375
0.999999881 -0.000357015 -0.000198716 0.000128491 0.000357078 0.999999881 0.000314307 -0.000154090 0.000198604 -0.000314378 0.999999940 0.000053374
1.000000000 -0.000011751 -0.000054635 0.000117127 0.000011762 1.000000000 0.000211692 -0.000080205 0.000054633 -0.000211693 1.000000000 0.000113791
1.000000000 -0.000139843 -0.000184604 0.000109944 0.000139898 1.000000000 0.000297174 -0.000125077 0.000184562 -0.000297200 0.999999940 0.000042812
1.000000000 -0.000215185 -0.000171886 0.000135187 0.000215233 1.000000000 0.000280375 -0.000128774 0.000171825 -0.000280412 0.999999940 0.000065740
1.000000000 -0.000102869 -0.000093506 0.000118377 0.000102891 1.000000000 0.000227217 -0.000090788 0.000093483 -0.000227227 1.000000000 0.000098346
1.000000000 -0.000177865 -0.000148580 0.000105066 0.000177917 0.999999940 0.000347505 -0.000146490 0.000148518 -0.000347531 0.999999940 0.000043480
1.000000000 -0.000059083 -0.000153799 0.000122884 0.000059121 1.000000000 0.000248598 -0.000095351 0.000153784 -0.000248608 0.999999940 0.000052604
0.999999940 -0.000245929 -0.000170929 0.000112943 0.000245979 0.999999940 0.000294455 -0.000136577 0.000170857 -0.000294497 0.999999940 0.000036532
1.000000000 -0.000176753 -0.000178492 0.000124191 0.000176805 1.000000000 0.000288241 -0.000138531 0.000178441 -0.000288273 0.999999940 0.000050808
1.000000000 -0.000194223 -0.000169656 0.000104607 0.000194271 1.000000000 0.000284521 -0.000111774 0.000169600 -0.000284553 0.999999940 0.000041463
1.000000000 -0.000203107 -0.000142596 0.000111169 0.000203150 1.000000000 0.000304896 -0.000134801 0.000142534 -0.000304925 0.999999940 0.000043537
0.999999940 -0.000154291 -0.000200294 0.000121930 0.000154368 0.999999940 0.000388525 -0.000156344 0.000200234 -0.000388556 0.999999881 0.000031377
1.000000000 -0.000156424 -0.000136987 0.000104807 0.000156459 1.000000000 0.000254658 -0.000108124 0.000136947 -0.000254679 0.999999940 0.000061550
0.999999940 -0.000319521 -0.000140491 0.000095227 0.000319573 0.999999940 0.000367252 -0.000186801 0.000140373 -0.000367297 0.999999940 0.000046619
1.000000000 -0.000077958 -0.000155003 0.000132574 0.000077997 1.000000000 0.000252979 -0.000082547 0.000154983 -0.000252991 0.999999940 0.000066240
1.000000000 -0.000139001 -0.000151043 0.000116722 0.000139037 1.000000000 0.000236361 -0.000100629 0.000151010 -0.000236382 0.999999940 0.000080913
1.000000000 -0.000198342 -0.000127100 0.000100880 0.000198378 1.000000000 0.000278175 -0.000107118 0.000127045 -0.000278200 0.999999940 0.000059703
1.000000000 -0.000215132 -0.000146224 0.000125870 0.000215175 1.000000000 0.000292030 -0.000134126 0.000146161 -0.000292061 0.999999940 0.000087122
1.000000000 -0.000142066 -0.000098849 0.000113740 0.000142096 1.000000000 0.000308138 -0.000124292 0.000098805 -0.000308152 0.999999940 0.000106941
1.000000000 -0.000252026 -0.000127586 0.000120978 0.000252061 1.000000000 0.000272370 -0.000130223 0.000127517 -0.000272402 0.999999940 0.000084704
1.000000000 -0.000258553 -0.000126182 0.000088546 0.000258590 0.999999940 0.000300053 -0.000138260 0.000126104 -0.000300086 0.999999940 0.000036417
1.000000000 -0.000209117 -0.000072156 0.000077840 0.000209128 1.000000000 0.000157378 -0.000080953 0.000072123 -0.000157393 1.000000000 0.000048158
0.999999940 -0.000345683 -0.000115575 0.000087235 0.000345706 0.999999940 0.000193723 -0.000136848 0.000115508 -0.000193763 1.000000000 0.000037359
1.000000000 -0.000179951 -0.000073489 0.000118468 0.000179959 1.000000000 0.000112326 -0.000079627 0.000073469 -0.000112340 1.000000000 0.000087079
1.000000000 -0.000245780 -0.000122845 0.000116656 0.000245785 1.000000000 0.000042355 -0.000078730 0.000122835 -0.000042385 1.000000000 0.000060636
1.000000000 -0.000151292 -0.000178873 0.000169669 0.000151313 1.000000000 0.000114049 -0.000081984 0.000178856 -0.000114076 1.000000000 0.000090568
1.000000000 0.000007429 -0.000153796 0.000125869 -0.000007428 1.000000000 0.000006665 -0.000014299 0.000153796 -0.000006664 1.000000000 0.000037893
0.999999940 -0.000290639 -0.000145213 0.000130307 0.000290656 1.000000000 0.000116046 -0.000108359 0.000145179 -0.000116088 1.000000000 0.000055607
1.000000000 -0.000236385 -0.000146357 0.000103297 0.000236397 1.000000000 0.000086559 -0.000076942 0.000146336 -0.000086594 1.000000000 0.000009321
0.999999940 -0.000272251 -0.000183058 0.000127012 0.000272265 1.000000000 0.000078970 -0.000069705 0.000183036 -0.000079019 1.000000000 0.000042241
1.000000000 -0.000216042 -0.000108363 0.000106930 0.000216064 1.000000000 0.000201930 -0.000118359 0.000108320 -0.000201953 1.000000000 0.000039154
1.000000000 -0.000199603 -0.000104398 0.000102339 0.000199614 1.000000000 0.000100105 -0.000074022 0.000104378 -0.000100125 1.000000000 0.000044191
0.999999940 -0.000282246 -0.000160204 0.000088244 0.000282272 1.000000000 0.000162811 -0.000096858 0.000160159 -0.000162856 1.000000000 -0.000009822
0.999999940 -0.000275407 -0.000166620 0.000116820 0.000275435 1.000000000 0.000168081 -0.000115447 0.000166574 -0.000168126 1.000000000 0.000021767
0.999999940 -0.000189756 -0.000205991 0.000124949 0.000189784 1.000000000 0.000134031 -0.000081006 0.000205965 -0.000134070 0.999999940 0.000034318
0.999999940 -0.000225914 -0.000240993 0.000171138 0.000225951 1.000000000 0.000150945 -0.000118362 0.000240959 -0.000150999 0.999999940 0.000043850
0.999999940 -0.000289360 -0.000196989 0.000098377 0.000289390 1.000000000 0.000153774 -0.000097353 0.000196945 -0.000153831 0.999999940 0.000000940
0.999999940 -0.000094173 -0.000262659 0.000173942 0.000094201 1.000000000 0.000107815 -0.000066279 0.000262649 -0.000107839 0.999999940 0.000023752
0.999999940 -0.000204687 -0.000219962 0.000134448 0.000204701 1.000000000 0.000063946 -0.000087776 0.000219949 -0.000063991 0.999999940 0.000025879
1.000000000 -0.000162166 -0.000084334 0.000094110 0.000162170 1.000000000 0.000046112 -0.000062121 0.000084326 -0.000046126 1.000000000 0.000026650
1.000000000 -0.000194140 -0.000165763 0.000162605 0.000194157 1.000000000 0.000104159 -0.000086399 0.000165743 -0.000104191 1.000000000 0.000069081
1.000000000 -0.000201386 -0.000130564 0.000096214 0.000201398 1.000000000 0.000088992 -0.000059933 0.000130546 -0.000089018 1.000000000 -0.000002564
0.999999940 0.000404222 -0.000299871 0.000136827 -0.000404304 0.999999940 -0.000272395 0.000123940 0.000299761 0.000272517 0.999999881 -0.000046842
1.000000000 -0.000135025 -0.000149538 0.000130345 0.000135040 1.000000000 0.000104357 -0.000061319 0.000149524 -0.000104378 1.000000000 0.000033451
1.000000000 -0.000257784 -0.000158340 0.000121295 0.000257804 1.000000000 0.000123231 -0.000092968 0.000158308 -0.000123271 1.000000000 0.000034366
0.999999881 -0.000365525 -0.000025089 0.000071060 0.000365530 0.999999881 0.000205108 -0.000109703 0.000025014 -0.000205117 1.000000000 0.000027203
0.999999762 -0.000698912 -0.000357118 0.000104481 0.000699027 0.999999762 0.000323322 -0.000155093 0.000356892 -0.000323572 0.999999881 0.000005400
0.999999940 -0.000482685 -0.000293710 0.000085465 0.000482761 0.999999940 0.000259545 -0.000114279 0.000293585 -0.000259686 1.000000000 0.000024694
1.000000000 -0.000030518 -0.000294865 0.000123512 0.000030557 1.000000000 0.000131294 -0.000059269 0.000294861 -0.000131303 1.000000000 0.000096017
0.999999940 0.000318744 -0.000333775 0.000081871 -0.000318776 0.999999940 -0.000093851 0.000056131 0.000333745 0.000093958 1.000000000 -0.000015381
0.999999762 0.000085676 -0.000712947 0.000100029 -0.000085896 1.000000000 -0.000309314 -0.000042084 0.000712920 0.000309375 0.999999702 -0.000090487
0.999999583 0.000444106 -0.000760835 0.000084841 -0.000446056 0.999996603 -0.002565298 -0.000044054 0.000759693 0.002565636 0.999996424 -0.000136853
1.000000000 0.000188596 -0.000512845 0.000074243 -0.000189790 0.999997377 -0.002328333 0.000079250 0.000512405 0.002328430 0.999997139 -0.000049763
0.999999881 0.000345145 -0.000252201 0.000037562 -0.000345704 0.999997437 -0.002223142 0.000130978 0.000251433 0.002223230 0.999997497 -0.000061669
0.999999166 0.001071142 -0.000755543 0.000072135 -0.001074603 0.999988914 -0.004594353 0.000096285 0.000750614 0.004595161 0.999989152 -0.000246987
0.999997735 0.001992262 -0.000775792 -0.000169371 -0.001997137 0.999978006 -0.006334250 0.000152335 0.000763156 0.006335785 0.999979675 -0.000434401
0.999996901 0.002225014 -0.001109566 -0.000156331 -0.002233222 0.999969721 -0.007452098 0.000084925 0.001092951 0.007454553 0.999971628 -0.000429439
0.999996901 0.002301430 -0.000917233 -0.000284249 -0.002308260 0.999969065 -0.007517022 0.000090278 0.000899905 0.007519116 0.999971390 -0.000447800
0.999997616 0.001932510 -0.001071845 -0.000058624 -0.001939498 0.999976635 -0.006556429 0.000150064 0.001059149 0.006558491 0.999977946 -0.000414405
0.999999404 -0.000583165 -0.001002043 0.000178236 0.000583203 0.999999881 0.000037566 -0.000056263 0.001002021 -0.000038150 0.999999523 0.000064815
0.999999464 0.000003122 -0.001096089 0.000164530 -0.000003110 1.000000000 0.000010329 -0.000074841 0.001096089 -0.000010325 0.999999404 0.000110654
0.999997497 -0.000896068 -0.002039328 0.000431111 0.000900964 0.999996781 0.002401100 -0.000011665 0.002037170 -0.002402931 0.999995053 0.000430894
0.996114671 -0.051336668 0.071553960 -0.079060569 0.049527071 0.998412073 0.026839897 0.006346452 -0.072818205 -0.023191758 0.997075498 -0.056950428
0.996195734 -0.051545296 0.070263468 -0.080150060 0.051349517 0.998670280 0.004590940 0.013866872 -0.070406668 -0.000965485 0.997517824 -0.053402584
0.995748818 -0.065801010 0.064456441 -0.081903182 0.065657876 0.997832716 0.004338734 0.005534317 -0.064602241 -0.000088215 0.997911096 -0.041433282
0.997002423 -0.061482679 0.046969585 -0.082954563 0.060791761 0.998022258 0.016000796 -0.002967876 -0.047860466 -0.013097469 0.998768151 -0.030780973
0.997877240 -0.053696059 0.036848761 -0.084975123 0.052745104 0.998261273 0.026312053 -0.009648203 -0.038197540 -0.024312610 0.998974442 -0.022698276
0.998602629 -0.050515652 0.015518893 -0.086115293 0.049610216 0.997305512 0.054040357 -0.025698133 -0.018206961 -0.053194948 0.998418152 -0.012555093
0.998919427 -0.046274915 -0.004314452 -0.086128265 0.046464562 0.996393502 0.070999973 -0.039947696 0.001013376 -0.071123719 0.997467041 -0.000162451
0.998773456 -0.041998781 -0.026223533 -0.090077959 0.043958977 0.995881975 0.079288751 -0.044196360 0.022785522 -0.080344260 0.996506751 0.013453120
0.997702360 -0.045107841 -0.050550625 -0.094263323 0.049101416 0.995523036 0.080764510 -0.050876789 0.046681203 -0.083061054 0.995450556 0.031153381
0.995880306 -0.035138171 -0.083592191 -0.096253745 0.042073127 0.995685816 0.082701787 -0.052557036 0.080325581 -0.085878074 0.993062317 0.050461762
0.994444728 -0.014698907 -0.104228549 -0.100866899 0.022752892 0.996809125 0.076509587 -0.048542380 0.102771409 -0.078456059 0.991606057 0.064154156
0.991273642 -0.009492197 -0.131477460 -0.102907516 0.019810896 0.996803403 0.077398553 -0.052963357 0.130322501 -0.079327844 0.988292992 0.077284828
0.988446832 -0.003787200 -0.151520073 -0.112523481 0.015018163 0.997215450 0.073046461 -0.057392828 0.150821507 -0.074478097 0.985751450 0.092117772
0.985526562 0.004723147 -0.169455260 -0.117059410 0.006621267 0.997776508 0.066318825 -0.059530895 0.169391751 -0.066480972 0.983303905 0.103642270
0.985526979 0.010653425 -0.169183195 -0.120350800 -0.000078544 0.998051941 0.062389553 -0.062474892 0.169518307 -0.061473291 0.983607948 0.110568769
0.983464837 0.021743402 -0.179789156 -0.125152677 -0.013032231 0.998689473 0.049492218 -0.067077301 0.180629671 -0.046330795 0.982459307 0.112827860
0.977836072 0.034869183 -0.206448257 -0.133945286 -0.024686677 0.998357713 0.051695257 -0.075956471 0.207911789 -0.045452952 0.977090895 0.117290363
0.972896338 0.046346884 -0.226549134 -0.141528636 -0.038370959 0.998483062 0.039486408 -0.082000390 0.228035569 -0.029723279 0.973199010 0.127369061
0.966061711 0.057252318 -0.251886547 -0.153595418 -0.049350388 0.998074174 0.037582546 -0.092300348 0.253553182 -0.023876358 0.967026711 0.140679717
0.962058961 0.099672467 -0.253984123 -0.189666659 -0.081612617 0.993391216 0.080704264 -0.138983265 0.260349602 -0.056913942 0.963835478 0.139223576
0.948613346 0.105946273 -0.298174769 -0.198213622 -0.086882845 0.993275583 0.076517619 -0.149421230 0.304276526 -0.046679355 0.951439261 0.153733477
0.934954166 0.119490087 -0.334040046 -0.214389831 -0.104924344 0.992583990 0.061383352 -0.154037222 0.338897526 -0.022341691 0.940557957 0.174087971
0.929607987 0.142231703 -0.339998513 -0.236117661 -0.126149461 0.989603817 0.069069341 -0.174892738 0.346287608 -0.021316785 0.937886178 0.186458588
0.922496915 0.149314702 -0.355955809 -0.240639269 -0.136407614 0.988757789 0.061244927 -0.182364583 0.361098826 -0.007943172 0.932493746 0.196496531
