%YAML:1.0

#--------------------------------------------------------------------------------------------
# Camera Parameters. Adjust them!
#--------------------------------------------------------------------------------------------

# Camera calibration and distortion parameters (OpenCV) 

Camera.fx: 683.374416
Camera.fy: 683.374416
Camera.cx: 641.652519
Camera.cy: 361.622616

Camera.k1: -0.16849
Camera.k2: 0.022279
Camera.p1: 0.004809
Camera.p2: 0.000959

Camera.width: 1280
Camera.height: 720

# Camera frames per second 
Camera.fps: 60.0

# stereo baseline times fx
Camera.bf: 82.00492992

# Color order of the images (0: BGR, 1: RGB. It is ignored if images are grayscale)
Camera.RGB: 1

# Close/Far threshold. Baseline times.
ThDepth: 30

#--------------------------------------------------------------------------------------------
# Stereo Rectification. Only if you need to pre-rectify the images.
# Camera.fx, .fy, etc must be the same as in LEFT.P
#--------------------------------------------------------------------------------------------
LEFT.height: 720
LEFT.width: 1280
LEFT.D: !!opencv-matrix
   rows: 1
   cols: 5
   dt: d
   data:[-0.166956, 0.022293, 0.000064, 0.000415, 0.000000]
LEFT.K: !!opencv-matrix
   rows: 3
   cols: 3
   dt: d
   data: [702.607182, 0.000000, 654.423109, 0.000000, 704.097587, 365.140779, 0.000000, 0.000000, 1.000000]
LEFT.R:  !!opencv-matrix
   rows: 3
   cols: 3
   dt: d
   data: [0.999924, 0.001100, 0.012306, -0.001080, 0.999998, -0.001599, -0.012307, 0.001586, 0.999923]
LEFT.P:  !!opencv-matrix
   rows: 3
   cols: 4
   dt: d
   data: [683.374416, 0.000000, 641.652519, 0.000000, 0.000000, 683.374416, 361.622616, 0.000000, 0.000000, 0.000000, 1.000000, 0.000000]

RIGHT.height: 720
RIGHT.width: 1280
RIGHT.D: !!opencv-matrix
   rows: 1
   cols: 5
   dt: d
   data:[-0.166219, 0.020808, -0.000136, 0.000513, 0.000000]
RIGHT.K: !!opencv-matrix
   rows: 3
   cols: 3
   dt: d
   data: [703.792157, 0.000000, 637.434757, 0.000000, 705.148466, 357.707070, 0.000000, 0.000000, 1.000000]
RIGHT.R:  !!opencv-matrix
   rows: 3
   cols: 3
   dt: d
   data: [0.999995, 0.001850, 0.002662, -0.001855, 0.999997, 0.001590, -0.002659, -0.001595, 0.999995]
RIGHT.P:  !!opencv-matrix
   rows: 3
   cols: 4
   dt: d
   data: [683.374416, 0.000000, 641.652519, -81.972991, 0.000000, 683.374416, 361.622616, 0.000000, 0.000000, 0.000000, 1.000000, 0.000000]

#--------------------------------------------------------------------------------------------
# ORB Parameters
#--------------------------------------------------------------------------------------------

# ORB Extractor: Number of features per image
ORBextractor.nFeatures: 4000


# ORB Extractor: Scale factor between levels in the scale pyramid 	
ORBextractor.scaleFactor: 1.2

# ORB Extractor: Number of levels in the scale pyramid	
ORBextractor.nLevels: 8

# ORB Extractor: Fast threshold
# Image is divided in a grid. At each cell FAST are extracted imposing a minimum response.
# Firstly we impose iniThFAST. If no corners are detected we impose a lower value minThFAST
# You can lower these values if your images have low contrast			
ORBextractor.iniThFAST: 20
ORBextractor.minThFAST: 7

#--------------------------------------------------------------------------------------------
# Viewer Parameters
#--------------------------------------------------------------------------------------------
Viewer.KeyFrameSize: 0.05
Viewer.KeyFrameLineWidth: 1
Viewer.GraphLineWidth: 0.9
Viewer.PointSize:2
Viewer.CameraSize: 0.08
Viewer.CameraLineWidth: 3
Viewer.ViewpointX: 0
Viewer.ViewpointY: -0.7
Viewer.ViewpointZ: -1.8
Viewer.ViewpointF: 500

